16
11 9 5 2 10 8 3 1 16 6 4 14 12 7 13 15
9 3 16 12 1 8 2 6 13 5 15 10 7 4 14 11
12 10 11 15 3 5 7 13 2 1 14 8 16 9 4 6
15 7 12 11 10 16 1 13 9 8 6 14 2 4 5 3
6 8 9 15 14 10 1 11 13 3 7 4 12 2 5 16
5 1 7 11 14 6 15 4 10 13 8 16 12 9 3 2
10 5 12 3 2 8 7 14 1 13 4 11 16 15 9 6
5 16 14 1 13 12 4 15 6 3 9 11 10 7 2 8
12 14 9 3 4 7 10 5 1 2 11 13 15 6 16 8
11 13 10 1 15 5 3 14 16 9 4 8 2 6 12 7
8 15 1 5 3 9 2 13 7 16 12 6 4 14 11 10
16 6 14 13 15 2 8 11 10 4 1 3 5 7 12 9
13 16 11 2 15 12 4 10 1 9 8 6 7 3 14 5
16 13 10 12 11 4 7 2 6 9 3 5 14 15 1 8
4 2 14 12 1 9 8 16 15 11 7 3 10 5 13 6
5 2 4 8 7 6 9 3 15 16 14 13 11 10 12 1
11 14 8 15 16 12 4 9 10 1 3 6 5 7 13 2
5 14 7 10 16 8 2 13 1 11 9 6 15 12 4 3
11 14 3 13 15 16 8 6 7 5 10 1 9 12 4 2
7 5 9 10 16 8 12 4 1 6 11 2 3 14 15 13
3 8 14 5 13 7 11 10 1 2 6 9 12 4 16 15
2 8 7 3 15 10 16 13 6 4 1 5 14 11 9 12
4 8 13 3 1 12 10 14 6 11 15 5 9 7 2 16
4 15 1 10 12 8 13 6 2 9 7 5 3 14 11 16
4 9 14 13 16 1 7 8 6 10 2 12 3 5 11 15
2 8 5 1 9 11 10 4 12 13 6 14 15 3 16 7
5 7 10 15 2 12 13 11 9 4 8 1 14 6 3 16
16 15 14 6 12 5 2 13 10 1 3 7 9 8 11 4
8 14 6 2 10 3 4 1 12 15 7 9 5 13 11 16
8 14 3 15 16 2 12 6 5 11 1 7 13 10 4 9
10 15 9 11 6 3 16 2 14 5 7 13 8 4 1 12
8 6 9 4 13 3 5 15 7 14 1 2 16 10 12 11