32
9 14 10 18 31 24 5 19 28 30 21 12 3 8 15 22 2 7 29 1 27 6 25 4 11 20 32 13 16 26 23 17
10 26 23 15 13 6 25 14 31 27 8 29 11 17 5 12 21 20 16 2 22 4 18 1 19 32 24 9 28 30 7 3
10 14 23 25 16 3 22 28 8 18 13 9 1 4 21 2 20 5 7 30 32 31 24 17 15 27 11 26 29 19 6 12
20 18 11 4 17 8 25 6 3 14 10 22 28 5 32 7 29 31 30 9 15 19 23 27 26 21 13 2 12 1 24 16
26 19 15 5 18 22 10 12 21 16 14 7 23 20 17 11 31 28 1 8 29 3 13 27 4 9 30 32 25 24 6 2
26 1 12 2 4 20 31 9 21 23 10 8 5 19 22 7 28 17 24 30 6 15 3 13 11 25 14 16 29 27 32 18
9 7 30 6 15 12 26 13 14 16 25 8 31 28 20 2 22 1 4 11 17 3 29 19 23 27 5 21 32 10 18 24
27 15 2 21 23 17 22 29 18 14 19 31 16 9 20 7 11 5 1 28 13 3 6 12 25 10 26 30 32 8 4 24
15 32 7 11 20 4 28 3 29 24 18 31 23 9 1 17 2 27 6 16 21 19 14 12 26 25 10 30 5 8 13 22
31 12 28 23 8 2 10 18 3 1 15 16 22 27 14 21 20 30 19 25 13 4 32 24 7 26 11 5 29 17 9 6
12 8 16 31 5 27 9 32 11 14 4 18 10 21 7 20 15 26 17 29 30 24 28 23 22 1 19 25 6 13 2 3
14 10 29 24 22 1 30 18 17 32 2 4 13 9 21 12 8 11 26 23 19 15 5 25 20 27 31 3 6 7 28 16
19 32 6 5 26 1 18 17 11 12 31 21 27 29 13 22 30 9 2 3 4 8 10 23 15 16 14 7 24 25 20 28
7 20 27 1 17 31 12 16 15 10 29 8 18 6 25 30 11 26 14 2 5 3 23 32 4 9 28 19 21 22 24 13
21 24 31 8 11 15 22 30 26 25 29 9 12 6 10 1 20 18 32 17 16 28 3 19 13 4 14 23 5 7 27 2
15 31 21 11 3 27 2 12 22 14 5 7 32 23 24 25 10 28 29 6 17 30 19 1 16 20 18 13 4 9 8 26
25 6 1 17 5 20 22 29 24 23 28 3 11 8 31 19 30 13 21 12 27 9 14 2 7 32 26 16 4 10 18 15
17 11 26 24 29 13 1 21 2 16 3 12 10 5 15 8 25 22 23 27 7 6 19 32 14 30 18 20 31 4 28 9
17 30 22 2 15 13 24 4 27 12 16 29 1 9 21 19 10 11 26 25 32 23 6 7 5 18 20 8 3 31 28 14
10 11 28 24 27 1 19 2 26 5 12 22 32 20 31 16 13 29 7 3 30 17 15 21 8 25 18 9 4 6 14 23
5 18 30 14 9 27 6 17 26 3 22 21 24 19 4 25 13 16 7 32 15 12 1 29 11 23 8 20 28 2 10 31
10 28 1 25 17 5 26 22 23 19 13 12 15 2 18 14 8 20 30 6 9 3 4 29 16 31 21 24 27 32 7 11
5 19 15 8 24 23 30 17 27 4 7 6 26 3 14 13 9 32 22 25 21 10 12 2 20 1 28 18 31 29 16 11
28 25 21 30 22 13 23 2 19 15 12 24 5 29 9 11 1 7 8 18 3 16 31 6 27 17 26 10 14 32 20 4
21 30 27 28 1 11 13 5 32 9 14 25 20 24 26 10 2 3 15 22 8 31 29 23 17 7 19 4 16 6 12 18
12 27 9 7 26 30 11 23 25 31 24 17 15 5 20 19 2 28 10 3 18 22 1 6 16 8 32 4 29 21 14 13
9 16 25 18 2 29 3 17 11 1 26 4 14 12 15 24 13 32 6 30 28 22 20 23 31 10 19 27 8 21 5 7
27 21 2 23 10 26 13 30 20 29 6 12 3 14 25 15 31 28 17 32 5 11 16 8 7 18 1 4 24 22 9 19
23 4 31 1 12 29 6 13 20 32 21 27 11 15 18 16 17 2 14 22 9 7 5 25 19 24 28 3 10 26 8 30
10 30 17 21 26 32 2 1 13 11 6 18 5 22 19 29 8 15 27 31 25 16 7 12 4 28 24 3 20 9 23 14
15 6 29 14 32 12 19 5 13 26 1 31 23 22 24 21 25 20 28 17 9 30 11 10 2 16 7 8 18 3 4 27
27 14 19 22 11 23 8 5 12 17 7 18 13 3 25 31 24 2 29 32 4 26 20 16 10 15 6 9 21 30 1 28
18 29 17 12 32 1 20 26 16 8 9 2 25 11 13 4 21 3 31 7 27 28 19 10 24 6 30 5 22 14 15 23
31 14 6 19 28 10 25 17 4 12 23 5 22 16 26 2 7 15 21 3 20 27 30 32 29 11 1 13 24 8 18 9
25 24 7 12 5 28 4 20 29 6 1 14 19 13 15 3 17 32 30 9 31 18 16 10 11 2 21 23 22 8 26 27
23 29 31 20 24 10 32 11 22 4 14 9 6 25 17 19 5 15 7 12 13 21 16 26 28 3 18 30 8 2 27 1
10 5 1 19 20 21 23 17 4 26 27 7 28 25 24 9 6 22 2 13 30 12 14 16 8 3 11 18 15 31 32 29
15 30 6 18 29 27 3 25 17 31 1 21 23 24 14 7 32 12 11 19 5 22 10 26 13 2 4 16 28 8 20 9
22 8 17 28 15 2 16 20 4 9 30 26 18 13 21 23 6 24 32 25 3 5 10 12 31 1 7 29 11 14 27 19
17 16 8 27 4 10 5 12 28 26 22 2 23 19 18 7 1 31 14 32 9 29 30 21 11 20 3 6 15 13 24 25
15 16 27 10 9 8 1 31 12 17 11 3 21 29 14 30 24 7 18 13 20 4 5 22 23 6 25 32 28 19 26 2
26 12 17 28 16 8 21 23 31 32 24 14 9 22 13 10 4 27 5 2 15 3 6 29 11 19 20 18 1 7 25 30
30 17 15 19 27 20 8 22 13 31 10 16 26 11 23 1 3 28 6 7 4 24 18 25 29 9 21 2 14 32 12 5
24 1 8 2 31 13 18 28 5 4 20 22 7 3 15 21 25 9 10 17 29 26 19 23 11 30 27 6 16 12 32 14
3 20 9 1 19 12 23 27 11 22 15 21 5 17 32 30 4 25 2 31 29 18 10 24 7 14 13 28 8 16 26 6
31 4 17 29 15 16 6 28 18 11 5 14 9 13 3 30 23 21 25 32 8 19 26 12 7 1 27 20 10 2 22 24
16 9 32 30 5 8 15 10 12 21 29 20 28 17 3 7 25 26 31 11 13 2 1 18 6 22 14 23 24 4 27 19
27 16 7 6 13 2 26 25 11 22 17 30 24 29 23 14 5 20 12 10 8 15 28 4 18 1 32 9 3 31 21 19
3 2 5 8 15 22 20 29 27 24 4 17 14 10 11 16 7 32 6 9 26 25 21 18 12 19 23 1 31 30 28 13
26 31 15 23 18 7 12 29 2 1 13 27 3 14 19 21 25 11 20 9 30 8 5 17 24 16 10 4 22 6 32 28
20 3 24 1 25 26 8 32 29 19 17 12 5 15 9 4 23 28 14 22 7 21 18 6 13 11 16 31 30 27 10 2
32 3 17 16 14 11 13 24 1 4 28 20 5 21 25 23 22 30 18 27 19 12 7 2 6 31 10 26 9 8 29 15
1 6 30 16 27 32 21 9 11 5 12 4 20 18 14 3 25 10 2 29 19 15 17 8 28 23 22 24 13 7 26 31
15 13 7 20 23 24 32 12 6 9 25 18 30 29 26 11 5 16 28 17 1 2 27 21 10 22 19 14 8 31 4 3
18 7 17 32 12 15 3 14 30 29 25 4 26 19 27 11 6 5 21 24 31 13 23 1 9 28 8 20 16 10 2 22
19 2 26 23 8 29 17 5 9 20 31 13 14 24 28 32 11 15 21 30 18 12 22 7 6 10 25 1 27 3 4 16
2 8 3 10 4 27 6 5 15 1 12 17 14 28 21 31 16 25 24 7 13 18 23 30 26 32 22 11 20 19 29 9
17 18 1 6 8 27 24 14 23 29 28 31 5 19 26 22 10 13 25 15 12 30 32 4 11 9 2 7 20 16 21 3
7 5 28 3 18 1 29 27 24 8 13 15 9 14 12 22 20 30 2 17 26 10 4 11 25 32 23 31 6 21 19 16
29 23 25 32 30 22 5 20 21 17 10 1 28 26 12 18 31 14 19 9 11 15 3 24 8 7 6 2 4 16 27 13
29 5 16 27 10 26 23 11 12 21 20 13 32 19 22 17 28 25 14 18 30 4 15 7 24 3 31 2 6 9 8 1
17 14 10 15 21 32 2 24 7 9 29 3 1 25 4 23 20 31 22 18 28 30 12 6 5 16 27 19 8 11 13 26
16 13 27 32 24 12 30 3 19 14 4 1 6 21 18 9 26 29 22 7 23 20 25 10 8 11 2 5 15 17 28 31
4 14 29 20 2 21 27 26 5 17 3 31 10 11 7 28 19 22 6 16 12 24 8 30 25 15 9 1 32 13 18 23