64
52 39 29 27 43 11 63 61 50 9 44 60 56 51 8 38 64 12 31 19 54 7 28 17 18 48 23 33 35 5 1 3 34 25 36 62 4 14 13 16 32 59 21 30 37 26 58 2 53 46 24 57 10 15 20 55 22 42 49 40 45 47 41 6
17 42 14 38 11 54 6 37 31 19 18 64 62 26 44 1 41 4 34 5 49 48 55 10 43 33 9 8 22 50 21 40 36 63 25 3 29 12 7 61 15 60 32 16 46 59 53 28 56 58 57 51 13 30 52 23 27 45 35 2 39 20 47 24
19 57 5 10 61 3 25 42 37 8 43 62 34 18 56 20 23 54 31 26 38 21 40 30 33 48 15 63 59 58 24 22 1 55 64 36 16 4 12 14 49 46 51 32 17 52 27 2 45 47 6 29 35 53 39 60 7 44 28 41 50 13 11 9
6 49 48 31 34 43 11 54 25 45 19 44 38 61 14 2 46 30 40 39 59 12 62 29 21 52 42 28 10 33 37 26 16 53 13 36 8 7 9 60 18 57 51 15 56 58 5 23 20 3 50 47 24 35 55 17 63 4 27 32 22 41 64 1
12 35 32 58 14 19 25 18 33 13 23 27 21 47 2 3 55 48 39 11 36 30 6 17 56 59 62 53 52 61 4 8 34 45 42 63 9 20 24 57 15 10 29 60 16 64 40 49 41 51 31 50 28 1 54 46 43 22 5 44 26 7 37 38
40 6 53 38 56 26 46 9 50 37 64 34 13 18 19 11 12 61 15 57 45 58 17 32 20 10 51 14 63 44 27 48 52 28 60 1 33 47 22 16 59 5 35 3 54 24 8 29 23 55 4 31 39 49 42 7 21 2 43 25 41 62 30 36
23 30 21 43 57 29 15 42 41 47 18 44 46 13 7 64 32 54 49 35 38 19 14 61 36 26 5 12 25 8 50 9 63 53 60 33 24 55 34 40 6 3 59 58 11 51 17 2 37 48 62 39 16 56 22 52 10 28 1 45 4 31 27 20
60 14 26 6 7 35 62 8 33 44 30 48 42 11 3 13 15 16 64 39 25 27 5 36 63 34 49 40 32 61 38 46 9 20 56 18 19 17 21 31 37 55 45 58 41 47 1 12 43 22 53 4 28 51 29 24 57 2 52 54 10 23 50 59
61 6 39 18 54 42 19 26 22 48 47 43 46 20 53 63 40 8 32 24 55 44 59 49 15 9 27 16 2 52 58 10 45 35 56 5 4 17 11 57 30 3 12 7 21 33 38 14 13 51 1 23 60 36 29 37 28 50 34 31 62 64 41 25
34 48 14 8 11 9 29 55 35 28 12 3 20 49 31 37 6 44 24 42 7 47 32 16 64 53 2 63 30 17 56 25 60 61 21 4 22 27 19 46 40 51 41 36 50 1 52 5 33 62 45 39 10 54 13 38 59 15 26 43 58 57 18 23
6 46 5 10 53 29 4 23 22 17 41 27 25 2 19 42 16 14 64 38 61 48 34 47 59 21 1 55 60 49 9 56 52 30 7 44 58 15 39 26 35 8 32 24 40 3 12 62 36 45 31 11 57 43 37 33 54 28 20 63 51 13 50 18
14 54 25 46 17 13 32 57 31 60 33 26 9 39 58 18 12 45 1 64 22 55 7 2 28 20 21 59 44 27 52 8 16 48 62 24 50 15 6 36 56 47 23 30 29 19 4 3 35 43 41 61 34 42 63 49 11 53 10 37 51 5 38 40
39 18 34 8 36 43 44 22 1 10 56 6 57 49 52 29 13 16 24 59 37 30 17 35 11 51 26 54 7 58 60 50 14 55 63 4 42 25 31 3 64 45 20 38 2 61 46 53 15 27 47 19 5 32 48 41 62 9 21 28 40 12 33 23
33 47 25 15 30 42 39 64 36 54 24 12 28 41 1 38 27 58 61 19 23 57 21 31 60 17 44 18 11 53 46 40 59 32 50 35 16 20 26 49 10 22 8 43 4 34 63 6 7 14 52 29 55 37 9 3 51 48 45 56 5 2 62 13
27 5 32 9 43 6 47 34 45 60 36 26 40 18 14 59 28 2 35 31 22 1 13 52 19 64 29 33 41 63 3 49 23 42 21 50 56 53 30 62 39 8 10 16 48 51 55 38 44 11 25 57 7 15 12 24 46 4 17 20 37 58 54 61
5 28 29 62 20 64 44 15 22 57 25 2 40 56 10 12 32 59 7 49 39 3 55 45 1 34 63 38 41 19 26 61 60 31 18 53 6 16 37 4 51 54 27 50 21 48 13 33 9 58 30 8 17 52 47 23 14 42 43 35 36 24 11 46
6 3 51 60 64 24 1 19 20 4 58 63 40 53 10 39 11 31 42 61 38 9 2 36 43 7 5 44 8 13 49 32 28 62 55 16 23 15 17 59 45 18 30 37 12 14 26 21 47 48 52 54 56 57 22 46 34 29 33 41 50 27 35 25
20 39 26 55 50 24 48 19 23 33 59 2 1 52 10 17 58 44 45 14 42 9 12 8 32 31 43 18 49 38 3 47 56 27 54 11 7 21 4 36 16 5 63 35 29 28 62 41 61 13 57 15 53 40 46 22 6 51 25 34 30 37 60 64
35 50 52 11 59 17 3 48 18 47 6 22 42 27 1 44 56 15 62 12 60 24 34 41 8 61 32 13 5 51 19 58 49 63 31 26 20 54 39 64 37 40 46 57 7 2 21 28 55 16 9 29 23 10 43 25 14 33 30 45 4 53 36 38
30 47 44 63 56 41 52 48 61 59 25 49 39 1 43 13 40 32 27 26 11 10 28 54 29 14 17 5 62 51 20 12 7 37 9 6 53 64 38 21 58 36 18 24 16 15 4 46 23 31 19 33 55 60 50 45 35 22 57 42 2 34 3 8
5 62 2 27 36 6 52 18 46 58 63 54 32 44 25 35 23 60 31 34 29 47 56 38 12 41 53 48 14 20 28 64 15 4 59 26 49 55 21 33 16 11 61 50 24 9 45 37 8 13 1 30 19 51 7 40 39 3 57 17 22 43 10 42
25 3 2 32 31 5 37 34 4 9 41 30 58 55 52 17 6 20 23 51 53 24 63 22 7 40 8 47 50 43 12 1 60 13 61 21 39 42 14 45 16 26 54 35 44 59 46 28 18 11 36 56 19 62 27 38 48 10 49 29 64 33 57 15
17 46 22 52 15 32 10 7 35 38 39 29 47 21 12 6 43 51 11 18 23 48 8 42 25 61 54 20 62 1 13 37 50 49 28 45 31 16 41 3 44 64 9 4 2 34 40 19 60 26 63 53 59 24 56 33 14 30 58 55 57 36 5 27
28 55 48 58 20 63 53 26 12 34 29 45 18 49 22 41 56 42 57 17 62 11 6 14 59 23 30 47 50 40 64 60 38 46 2 5 44 37 16 8 25 3 54 15 51 4 35 24 19 27 39 31 13 10 9 21 61 7 33 36 52 43 32 1
3 40 44 63 59 12 18 13 33 36 46 8 20 29 60 53 4 30 34 54 55 61 37 35 25 27 21 22 15 42 32 10 2 24 16 26 5 1 64 58 39 28 48 45 11 56 7 51 38 57 41 50 17 6 43 9 52 14 47 19 31 62 23 49
58 48 1 27 10 50 13 5 38 41 9 51 21 49 18 19 29 22 34 61 32 47 59 46 20 63 35 43 26 37 36 42 62 7 45 23 15 25 60 64 14 56 57 6 16 31 52 53 3 24 39 54 30 40 55 11 8 44 4 2 33 17 12 28
5 45 48 6 51 62 47 7 38 9 10 37 14 42 23 24 57 59 25 32 55 22 53 34 52 39 15 60 29 19 58 44 27 63 4 49 41 50 64 61 31 33 36 11 46 56 21 30 3 28 1 40 17 20 35 12 18 43 26 13 16 8 2 54
39 16 25 56 46 4 23 22 11 6 36 18 30 1 40 41 61 10 54 37 57 52 5 62 53 43 19 2 26 45 64 8 9 60 27 47 48 29 20 42 63 15 51 31 28 49 14 44 34 50 3 24 58 35 7 32 33 13 38 21 59 55 17 12
22 53 6 62 16 8 13 31 46 55 42 58 2 51 25 64 17 23 38 48 29 34 3 20 44 28 15 57 1 43 26 49 14 37 19 12 10 35 61 27 24 47 9 7 4 40 63 5 39 18 45 30 60 54 21 36 52 56 59 41 32 33 11 50
9 14 21 48 29 36 46 39 51 7 50 11 52 53 54 57 38 49 4 60 17 63 35 58 32 5 2 41 13 56 40 59 19 34 24 31 3 47 12 18 1 20 42 62 10 25 8 23 30 44 55 6 61 33 27 22 26 28 15 45 43 16 37 64
2 28 15 53 63 37 30 19 61 1 12 45 59 58 35 5 42 55 43 3 6 9 26 25 39 54 62 36 7 64 56 48 33 27 10 44 31 13 47 22 11 21 14 17 52 23 40 8 50 20 57 46 24 32 4 29 41 60 16 49 38 18 34 51
16 19 49 21 22 47 20 51 10 12 37 59 27 18 4 25 8 54 32 11 62 15 52 44 9 36 29 24 3 34 43 14 26 64 48 63 53 39 57 50 5 6 56 1 45 41 28 17 23 40 7 46 61 31 42 55 38 58 30 13 60 2 35 33
35 13 22 43 7 45 54 18 32 24 58 19 4 17 59 60 23 53 63 62 15 16 46 42 25 8 64 51 11 48 26 2 3 57 14 50 52 9 34 38 49 37 10 56 28 40 30 12 6 21 41 33 5 47 44 39 36 31 27 61 55 1 20 29
46 28 18 60 21 57 7 51 9 30 53 41 23 33 56 5 55 26 31 61 40 20 64 10 19 3 27 49 48 12 37 8 47 59 54 45 4 14 29 44 36 62 1 25 2 13 38 17 35 63 32 15 39 11 43 24 16 42 58 52 50 34 22 6
44 12 49 43 56 2 22 10 7 33 21 39 16 60 48 50 36 51 64 31 34 40 32 19 58 6 14 3 26 17 55 61 15 41 29 11 9 24 62 27 23 37 42 5 59 4 46 28 30 54 8 1 53 63 45 52 35 25 38 57 20 13 18 47
52 51 39 2 35 55 57 8 21 61 28 10 6 9 4 43 36 19 13 42 24 16 37 64 15 54 56 47 59 5 30 18 25 7 41 44 40 1 34 27 26 45 22 48 3 12 38 58 17 49 60 14 53 29 63 11 62 46 31 32 33 23 20 50
13 9 7 3 39 36 6 38 54 47 52 40 28 30 42 29 26 1 53 41 34 45 21 44 14 63 20 59 19 48 43 4 51 37 31 8 64 60 18 22 10 33 11 32 27 17 57 15 50 2 24 5 58 16 62 12 55 46 49 61 35 56 23 25
3 2 20 48 30 8 34 43 63 32 61 16 18 33 62 17 13 26 39 29 31 50 22 1 37 46 19 7 42 6 10 25 60 9 27 12 44 57 36 24 59 23 35 52 15 55 28 53 4 56 11 64 21 41 5 47 45 54 14 49 40 51 38 58
6 35 33 20 21 18 49 40 41 60 5 53 23 2 29 57 12 52 58 19 17 32 1 50 11 16 47 15 8 4 25 56 34 55 28 61 27 51 46 42 22 43 37 9 7 64 24 63 13 31 38 54 30 3 14 10 39 44 36 45 26 59 48 62
44 17 22 15 4 48 34 16 29 58 46 2 64 25 21 3 55 13 54 8 36 57 53 35 50 10 43 37 32 41 52 28 12 61 9 6 42 59 62 39 24 11 40 30 45 47 1 33 60 49 51 56 14 31 18 27 23 5 63 26 19 7 20 38
50 2 24 19 23 64 37 49 63 16 38 1 62 59 51 52 22 6 58 44 45 57 43 5 27 13 42 46 17 10 14 12 9 31 40 36 26 4 11 61 25 18 21 20 30 47 33 32 15 41 8 3 7 60 54 56 35 29 39 28 34 55 53 48
48 18 56 43 23 53 10 27 14 13 11 38 30 39 28 61 59 46 16 1 24 9 2 29 57 37 7 4 25 19 55 50 45 33 60 20 8 34 41 47 36 26 62 40 21 42 58 6 17 22 15 44 35 49 63 31 3 5 51 12 64 52 32 54
41 31 56 23 33 49 15 20 37 54 2 32 45 9 18 14 24 1 19 40 28 58 47 43 39 25 51 17 36 13 38 52 63 12 29 44 27 22 16 57 61 5 42 60 35 59 53 10 48 26 8 64 7 62 4 46 11 6 55 34 21 30 50 3
38 45 56 28 7 20 18 11 10 49 14 59 9 57 23 54 37 64 51 4 60 52 17 48 19 40 12 63 58 24 44 27 42 46 50 53 36 32 21 43 41 61 30 2 1 31 55 16 39 15 33 62 35 26 34 13 22 5 3 25 6 47 29 8
2 9 25 53 24 52 64 60 59 22 34 38 56 61 26 35 46 8 7 40 36 13 14 21 44 50 10 3 6 37 23 42 27 19 54 41 4 33 48 11 49 28 5 63 47 45 39 43 32 30 16 15 1 29 55 18 17 51 12 62 57 20 58 31
30 32 38 14 37 4 60 43 7 17 28 42 56 51 3 52 21 22 8 40 19 49 16 20 58 5 57 26 31 10 48 15 9 46 39 2 23 44 29 33 53 18 54 36 61 34 62 59 11 50 12 64 45 27 24 55 35 25 63 41 6 47 1 13
52 23 28 17 25 11 9 47 39 35 32 8 64 16 56 63 44 37 18 1 20 29 14 26 15 19 38 21 2 24 3 62 36 50 41 57 46 30 45 55 54 60 42 48 10 40 59 27 13 49 7 5 12 61 6 33 58 34 43 53 51 22 4 31
28 38 63 27 53 18 7 58 12 8 10 36 16 15 31 39 17 26 14 4 34 44 32 5 51 9 47 30 41 52 40 55 54 46 64 22 35 50 49 20 57 59 2 23 13 60 37 19 29 43 48 24 42 33 11 25 6 62 56 61 21 1 45 3
44 60 53 47 20 16 56 33 28 18 19 51 25 21 48 62 14 7 63 46 13 61 59 27 35 11 49 50 41 30 42 55 24 64 58 3 54 34 15 22 4 6 38 32 17 9 40 1 31 43 52 45 10 29 36 26 57 39 37 23 12 2 8 5
12 3 10 40 36 16 11 56 47 22 28 9 33 19 49 32 59 41 5 18 62 61 13 48 53 1 2 29 45 20 34 38 25 15 26 35 50 21 6 52 30 27 39 17 42 64 63 58 55 23 8 51 43 4 46 7 57 31 37 24 54 14 60 44
28 41 50 46 55 48 60 36 26 21 18 15 59 39 4 58 44 54 6 51 38 12 7 30 2 31 23 17 64 43 3 35 11 14 24 52 29 25 63 42 10 20 47 19 40 57 8 1 33 13 5 22 16 56 45 32 61 34 49 37 62 27 9 53
20 11 22 27 14 35 17 47 23 41 56 58 33 48 1 34 5 43 61 57 8 37 46 30 51 7 55 10 25 12 42 3 54 60 9 45 40 52 21 19 15 18 63 64 39 32 2 44 24 59 16 62 38 26 49 31 50 6 36 29 13 4 53 28
37 25 9 3 13 40 20 54 14 29 19 1 61 28 51 36 45 53 48 11 44 7 24 27 15 18 26 33 23 10 6 21 56 22 2 60 50 63 55 62 46 43 17 8 57 58 30 16 64 4 5 52 38 31 59 47 39 42 35 34 32 12 41 49
37 46 52 58 20 42 3 64 14 60 32 25 8 40 44 45 23 6 43 30 24 15 51 38 61 7 48 49 13 55 19 39 1 59 28 22 35 56 33 16 26 53 18 36 17 41 47 5 54 9 62 2 50 11 29 31 21 57 12 63 4 10 34 27
54 4 11 17 19 35 60 55 43 28 50 38 1 42 32 5 31 58 30 44 36 24 48 40 49 20 14 27 46 23 29 10 51 34 12 3 9 21 47 7 26 41 22 61 33 64 6 52 15 13 57 8 59 56 37 25 18 62 63 39 45 16 53 2
12 3 62 25 31 39 14 8 18 2 64 60 59 4 5 55 17 10 29 11 58 16 42 15 35 49 51 46 32 22 47 50 38 28 40 20 52 53 21 57 13 9 1 43 23 36 56 33 63 6 54 41 45 37 19 44 34 48 7 26 27 30 24 61
9 7 19 27 57 28 33 17 34 10 8 24 26 54 12 4 61 36 2 37 18 43 45 21 16 46 49 3 39 15 41 51 6 55 64 35 47 25 38 14 58 30 23 62 20 52 5 56 50 32 13 44 29 1 59 63 48 22 42 40 11 60 31 53
29 14 5 28 23 35 43 62 11 12 41 40 15 36 6 19 46 33 25 4 54 60 63 30 38 37 13 44 47 7 64 53 58 61 20 56 34 32 27 39 48 1 42 21 45 31 51 22 55 24 3 50 59 16 9 57 52 49 2 26 8 10 17 18
7 22 52 55 25 42 5 61 64 51 39 36 40 3 24 10 11 23 30 27 63 20 19 21 28 48 29 9 46 37 45 47 41 4 1 38 33 58 62 12 54 44 56 31 49 60 2 32 15 14 50 35 16 43 17 53 8 59 13 18 6 26 57 34
46 24 1 20 45 18 55 44 62 22 40 4 23 11 27 6 47 43 28 36 10 48 30 31 35 21 56 63 2 49 42 32 38 41 8 17 60 58 53 13 26 14 5 16 19 61 57 25 33 52 15 9 39 59 37 3 29 51 64 7 54 12 34 50
63 25 18 54 42 49 53 30 22 40 55 35 60 41 7 59 11 37 44 52 45 3 29 32 31 62 28 15 43 36 21 64 51 8 20 19 1 39 34 50 46 48 33 5 10 27 24 6 14 16 57 2 12 26 56 4 13 23 58 9 61 17 47 38
14 17 28 23 51 55 24 54 50 26 61 53 49 27 43 63 1 64 30 58 47 6 21 48 25 60 44 62 16 39 42 8 2 7 34 10 3 31 29 37 35 56 33 19 38 11 59 57 22 46 9 36 41 40 13 32 12 15 4 45 20 5 18 52
40 9 12 50 21 26 46 19 23 29 31 27 62 39 30 14 17 53 42 28 32 4 22 44 58 43 60 41 24 55 5 6 57 38 35 10 20 49 11 54 25 15 51 52 56 47 18 2 13 63 33 59 1 37 36 8 7 48 16 61 3 64 34 45
15 33 26 8 36 4 17 21 22 59 29 44 47 50 10 63 38 2 39 42 46 40 27 58 31 18 35 64 19 11 16 13 32 24 61 30 25 9 12 7 60 23 48 5 3 49 28 53 41 14 34 20 54 57 51 52 45 37 6 43 62 1 56 55
12 61 29 19 20 32 25 18 15 44 36 24 34 39 7 41 21 26 53 8 35 10 40 31 42 38 58 52 23 57 43 9 5 59 3 33 2 54 48 45 47 17 64 13 55 22 4 27 16 1 46 60 62 50 56 11 63 49 51 6 28 37 30 14
54 35 20 42 14 32 30 12 41 61 43 38 53 19 34 63 31 24 7 1 22 23 58 10 49 18 4 5 29 57 59 62 56 6 51 3 44 8 17 28 64 48 15 2 52 26 40 11 60 47 33 21 46 27 50 9 13 37 39 25 16 55 45 36
62 8 43 53 64 52 36 47 20 7 40 51 24 3 50 38 12 56 60 48 22 31 15 25 44 35 1 59 54 29 14 30 27 19 37 26 46 11 34 39 16 55 6 33 2 23 57 21 49 61 18 42 9 4 41 10 28 45 5 17 63 32 58 13
54 56 22 33 49 15 44 30 4 8 55 13 34 7 51 36 46 6 40 47 1 12 17 57 38 52 10 20 19 59 21 18 9 41 24 39 16 45 11 62 50 64 5 37 53 28 29 2 27 48 61 58 25 42 14 31 35 26 32 3 23 43 63 60
58 25 28 43 31 14 18 45 44 5 46 23 32 62 22 40 2 61 3 8 38 39 60 29 13 41 33 1 17 16 54 15 21 26 24 36 9 63 48 49 12 53 7 57 50 11 37 4 42 35 47 27 6 10 56 51 20 34 30 19 55 59 52 64
29 57 59 38 6 50 33 36 12 45 8 52 22 61 56 5 46 17 48 28 20 14 9 7 16 43 44 47 4 41 10 32 37 23 49 3 63 25 35 51 58 54 31 30 15 26 40 18 55 39 60 19 42 64 1 13 11 21 27 2 24 62 34 53
46 15 40 32 53 41 4 50 27 39 44 30 3 35 21 13 57 11 2 48 61 5 36 62 26 20 37 51 12 63 64 31 8 23 33 7 38 10 19 56 25 1 55 42 9 52 60 18 28 16 17 59 34 14 43 24 45 47 29 54 6 49 22 58
60 2 35 54 44 39 47 32 58 61 26 19 40 63 16 23 49 21 11 27 13 55 4 51 18 59 62 14 20 10 1 43 17 8 34 41 36 6 24 15 28 5 31 33 46 38 64 57 3 9 22 42 48 12 30 45 56 7 37 50 29 25 52 53
38 18 57 25 32 8 45 5 27 13 42 12 44 52 14 63 24 54 34 29 47 58 40 56 50 35 43 22 7 51 31 20 36 41 30 1 2 3 37 23 61 59 49 39 11 17 4 46 16 62 53 48 55 64 15 9 21 19 10 26 28 60 33 6
58 37 16 62 38 15 44 3 19 8 25 22 27 23 10 60 54 30 9 52 11 59 57 24 47 40 55 53 17 46 20 42 13 36 50 35 49 33 43 4 18 61 64 6 39 31 48 1 7 41 21 29 45 14 63 26 5 2 34 28 56 12 51 32
38 25 18 6 41 4 1 64 53 9 15 36 58 35 47 55 57 40 19 43 12 11 48 32 3 60 20 56 16 23 8 14 54 5 31 49 17 37 10 39 26 7 45 51 30 63 27 61 34 13 21 33 42 59 28 44 62 24 2 22 29 46 50 52
7 17 37 34 48 4 43 31 62 59 27 40 39 12 2 1 52 63 51 5 3 18 22 50 20 26 64 25 54 42 14 16 11 28 53 15 36 13 32 29 58 45 19 55 10 56 21 23 30 9 24 60 35 6 38 57 41 44 61 49 47 46 33 8
36 57 9 52 59 16 11 23 22 44 33 15 49 60 38 3 54 43 13 35 32 24 12 26 31 55 14 29 45 25 20 53 8 17 47 48 41 50 34 30 62 58 61 4 5 39 51 6 2 19 56 64 42 37 27 1 21 18 7 28 46 40 10 63
40 62 51 22 37 61 21 6 20 41 26 5 45 50 32 64 55 58 38 23 28 7 8 2 10 35 60 24 16 48 57 43 56 14 13 49 27 11 36 39 42 9 44 31 59 25 3 18 19 34 47 29 17 1 53 30 4 15 52 12 54 63 33 46
49 53 63 46 10 6 17 48 47 56 25 21 44 22 19 41 28 51 42 13 64 2 61 57 60 62 5 9 15 34 37 31 20 50 43 36 23 29 18 38 39 58 45 3 32 8 27 14 11 35 4 1 55 54 40 7 24 30 26 16 52 33 12 59
7 48 16 60 64 38 1 62 59 8 5 42 3 13 57 10 14 22 27 34 46 6 24 56 43 21 25 55 33 39 4 54 45 49 31 23 2 26 40 32 12 53 30 44 15 63 61 37 52 28 18 50 17 47 9 29 51 19 58 35 36 20 41 11
43 37 4 6 33 34 17 52 9 58 22 28 8 48 26 45 1 47 19 36 20 27 39 21 32 44 62 2 40 56 57 3 14 35 59 38 41 55 30 23 7 64 10 49 54 15 16 53 24 29 11 51 12 46 61 60 5 18 63 13 25 42 31 50
17 19 6 9 4 22 60 61 42 5 34 8 53 47 58 52 10 25 40 20 2 29 7 13 39 46 33 36 1 15 11 37 43 57 28 48 45 30 62 64 27 41 54 50 26 21 18 55 16 3 38 32 14 51 63 44 59 35 23 24 31 49 56 12
39 62 29 15 64 35 27 7 58 26 13 8 48 24 41 42 49 37 16 43 2 33 5 44 56 23 54 14 22 28 57 3 32 47 59 10 9 38 20 30 40 19 52 21 36 1 45 6 50 17 31 63 61 25 53 34 4 51 60 18 11 55 46 12
33 54 61 39 38 8 41 12 19 11 58 43 36 49 60 48 35 26 17 9 42 37 6 20 28 63 40 1 32 14 34 56 13 53 25 62 22 46 10 4 51 57 52 23 29 50 7 55 31 16 2 47 45 27 18 24 64 3 44 21 59 5 30 15
19 21 22 6 17 62 52 57 54 47 41 18 56 64 10 27 38 26 15 39 7 46 53 29 9 51 40 42 4 1 16 24 59 31 32 63 36 23 43 58 2 48 5 34 44 8 11 3 28 30 45 14 55 20 61 49 60 35 37 33 25 12 50 13
22 46 60 31 27 57 16 24 18 56 54 49 64 12 17 14 7 19 25 26 52 30 48 5 36 58 11 43 13 59 55 3 9 45 1 23 51 15 10 44 47 61 21 38 6 37 29 20 35 8 62 2 42 63 53 40 39 4 50 28 32 41 34 33
58 6 42 56 23 45 27 53 35 20 32 31 29 21 37 55 63 8 7 5 16 28 52 59 38 30 2 61 12 10 64 22 11 39 60 54 48 47 44 13 43 4 36 24 15 57 41 62 40 14 33 26 18 49 17 3 19 34 46 50 1 25 9 51
39 24 35 36 25 19 59 6 29 45 15 58 31 2 16 51 8 49 22 28 10 20 3 7 41 43 30 64 9 55 17 63 34 14 52 53 26 32 44 56 50 38 48 21 57 54 62 5 4 18 42 23 27 12 11 47 37 1 40 61 46 13 60 33
35 39 42 32 28 58 8 11 17 44 46 13 15 63 21 12 3 4 1 53 7 47 61 6 20 45 33 23 60 57 16 38 64 52 51 55 27 2 56 25 40 24 14 19 34 5 22 26 48 37 10 31 41 18 30 29 49 59 50 43 9 36 54 62
53 38 27 33 46 15 47 30 6 1 44 54 63 31 34 3 21 22 48 51 41 37 19 43 50 5 4 39 42 12 18 16 56 52 36 7 2 10 14 9 49 17 20 28 55 64 8 24 26 23 35 13 62 61 32 60 45 29 25 40 58 59 57 11
21 30 39 24 16 9 8 20 32 33 43 46 4 26 14 28 63 38 59 25 3 36 1 55 60 35 47 61 2 53 6 7 15 23 31 29 34 13 12 41 44 50 45 5 58 40 48 10 51 37 19 18 64 27 22 49 52 17 54 62 57 56 42 11
37 49 59 53 58 14 11 54 3 21 43 22 57 39 44 56 19 13 32 9 42 63 60 36 62 24 30 28 15 34 45 12 31 17 20 27 5 23 1 38 2 47 64 51 7 48 29 25 16 26 18 46 35 33 55 61 8 41 52 4 40 10 50 6
46 30 21 43 4 6 13 38 61 48 47 1 59 27 50 18 14 8 22 16 64 31 36 26 42 58 15 41 5 32 35 2 29 7 53 56 54 10 20 17 52 3 45 37 39 62 24 63 33 44 19 57 28 51 55 11 60 12 23 49 25 40 9 34
13 43 58 22 50 17 2 18 4 63 3 26 23 1 31 37 52 12 16 47 33 39 40 11 57 29 30 9 14 42 45 8 15 5 54 49 32 46 34 21 51 60 7 53 44 62 24 55 6 28 10 35 20 48 27 19 61 38 25 56 36 59 41 64
25 34 59 20 43 46 32 55 47 13 4 3 18 23 11 40 48 38 31 61 64 16 2 10 36 52 12 26 45 17 42 51 7 19 56 22 50 27 35 33 28 44 49 8 37 21 9 1 6 60 30 39 14 54 41 5 15 63 24 53 62 58 57 29
52 19 53 15 42 35 45 7 18 55 6 22 30 10 59 32 50 54 17 14 11 8 56 21 36 2 62 33 1 51 24 31 57 20 43 13 38 64 9 39 40 37 12 60 63 26 44 34 46 48 49 4 27 41 28 5 3 29 16 25 23 58 47 61
40 5 22 51 46 9 28 8 57 14 7 12 61 13 52 35 24 6 34 16 43 18 50 33 42 44 47 55 31 45 63 23 1 19 58 10 62 38 54 32 39 21 15 20 17 53 56 64 60 29 27 41 59 36 3 48 2 11 4 30 37 49 26 25
23 48 62 1 60 56 59 42 32 17 3 5 39 57 47 54 64 36 31 28 37 41 58 8 13 4 24 25 55 63 34 22 9 11 53 52 38 12 49 51 27 40 29 46 19 30 35 50 10 15 20 6 26 16 61 2 33 43 21 45 44 7 14 18
55 41 14 36 34 61 30 12 32 45 9 31 53 59 47 24 44 40 48 33 3 62 11 5 21 25 56 26 60 37 46 50 10 6 54 64 23 52 19 27 15 4 20 57 22 8 18 13 42 51 38 58 43 35 17 2 7 16 28 49 63 29 39 1
59 7 55 9 32 31 29 12 49 14 48 57 46 8 41 52 50 23 61 37 34 53 38 36 58 15 39 54 27 64 43 3 18 10 17 4 26 1 16 56 62 2 25 28 47 60 21 19 11 30 42 51 63 22 5 45 20 24 13 6 35 40 33 44
52 15 16 33 6 2 49 24 1 12 20 26 31 4 10 43 45 57 39 8 54 50 25 27 32 64 21 37 11 62 23 38 36 19 14 47 13 40 53 41 29 18 30 5 63 3 58 28 7 56 55 9 48 51 61 44 17 35 46 34 22 42 60 59
47 56 23 51 6 33 50 57 38 54 18 2 9 4 5 36 22 58 63 55 10 62 41 46 16 39 1 28 35 48 37 26 25 15 49 61 17 42 31 52 30 29 12 3 40 11 34 13 45 53 32 44 27 21 7 20 60 24 14 64 59 43 8 19
38 62 40 31 42 46 21 50 20 60 7 24 12 32 3 45 30 28 18 53 13 1 49 16 63 34 8 14 25 56 11 2 27 26 61 35 52 29 15 6 19 37 10 54 59 9 47 39 44 22 48 51 41 23 58 33 17 55 43 64 4 57 5 36
32 63 64 49 46 56 48 31 16 61 8 9 10 47 18 21 53 3 37 44 60 33 25 11 42 30 51 17 39 24 20 40 28 45 38 14 59 35 52 54 1 29 26 34 15 19 62 13 41 12 6 22 36 23 5 43 55 57 2 58 27 50 4 7
15 11 24 61 33 46 31 38 3 36 39 12 44 59 27 41 13 18 1 49 57 23 51 45 21 22 7 48 6 35 25 56 34 43 19 10 8 5 47 4 53 26 52 54 17 14 55 30 42 50 64 2 16 28 20 29 58 62 32 40 9 63 60 37
12 13 53 33 42 26 58 27 45 21 7 54 60 16 55 6 41 64 47 35 51 32 34 40 39 49 28 37 61 15 36 22 18 17 63 56 4 19 1 50 14 3 46 10 43 2 57 52 48 20 38 44 9 59 30 31 24 5 29 23 11 62 8 25
13 57 60 59 21 32 25 41 45 26 61 22 23 63 3 9 29 6 35 53 49 27 56 50 48 43 12 52 30 36 16 37 1 42 19 8 58 39 18 51 40 28 20 47 14 15 24 10 4 54 55 64 11 46 38 33 17 7 62 34 2 31 5 44
6 14 11 36 46 2 63 5 10 35 50 1 13 26 54 41 48 60 61 43 31 40 53 30 34 51 18 59 29 12 32 52 57 7 15 42 62 39 33 4 22 27 64 23 20 38 58 56 24 49 44 9 45 28 21 37 19 8 16 47 3 25 55 17
38 47 25 37 29 41 32 23 52 31 33 54 16 2 24 15 56 20 17 28 45 18 19 9 51 48 59 58 14 61 35 4 55 44 40 1 57 50 63 53 22 8 42 3 43 34 5 36 10 13 46 21 11 12 62 26 27 49 7 30 6 60 64 39
32 54 44 3 33 50 9 56 18 38 24 15 17 53 48 2 34 39 46 5 64 57 35 14 49 23 25 27 29 63 28 52 43 62 10 59 22 11 19 30 1 42 12 4 13 36 16 31 26 58 20 61 41 47 7 21 40 55 8 6 60 45 51 37
29 20 4 34 10 52 15 39 23 22 54 51 43 37 13 31 8 41 32 17 50 26 27 3 28 62 25 5 30 14 21 2 60 58 45 64 24 49 55 35 36 33 53 59 48 16 47 56 18 9 1 38 42 6 40 11 44 46 57 61 63 19 12 7
40 2 15 59 60 32 41 12 49 16 23 58 4 52 42 29 21 35 25 3 45 34 63 57 36 5 55 61 64 33 38 51 62 37 1 39 46 50 6 31 8 43 47 11 18 14 28 24 17 27 56 53 7 54 13 44 19 26 9 48 10 30 22 20
30 64 1 6 54 26 21 5 32 62 46 24 29 43 56 4 18 37 44 48 13 12 39 36 17 40 33 61 7 27 25 57 23 58 20 9 28 52 14 15 34 59 50 22 35 49 38 42 31 60 51 55 47 3 41 63 45 53 16 11 10 19 8 2
47 13 5 14 55 3 61 42 39 38 12 23 36 35 18 27 7 45 32 64 10 28 56 1 53 54 60 31 22 41 51 50 58 17 19 33 25 6 40 63 20 16 30 26 48 8 57 21 29 15 9 24 46 62 43 11 37 4 52 34 49 44 2 59
51 13 42 46 4 25 37 56 34 43 2 44 53 21 32 16 24 35 22 62 38 40 60 3 15 29 27 50 18 19 6 54 17 41 28 52 45 8 36 48 47 11 39 57 49 14 30 12 33 20 31 55 63 7 61 23 59 10 26 1 58 64 9 5
22 25 33 38 19 18 7 55 63 34 49 42 23 6 47 17 24 14 61 44 28 52 51 1 31 2 16 5 60 8 54 45 4 9 27 56 32 43 30 36 13 58 59 12 26 37 15 3 48 21 46 39 40 57 64 50 35 10 20 11 53 29 41 62
56 27 54 55 3 13 36 5 61 52 32 12 48 15 30 45 47 50 1 26 8 17 14 38 25 59 6 7 44 49 42 20 46 4 53 35 43 58 19 62 39 2 57 31 22 60 51 64 37 10 29 28 24 11 33 23 16 34 41 63 18 21 40 9
25 59 26 27 60 10 39 56 5 48 16 15 19 46 55 28 52 61 4 41 51 62 43 18 2 42 7 1 8 40 50 3 35 31 13 45 20 29 64 57 54 44 33 34 32 14 38 36 17 21 30 37 49 12 23 63 24 47 22 58 6 9 11 53
56 25 63 38 31 27 21 53 10 1 14 52 54 26 51 9 48 32 18 43 42 36 35 3 59 58 13 2 40 39 12 8 16 24 11 61 22 30 45 6 7 19 33 29 4 44 46 28 64 55 23 41 47 5 62 34 49 50 20 17 37 60 15 57
47 44 24 13 51 57 3 21 33 54 45 41 7 62 17 37 53 2 6 18 9 29 55 19 5 35 40 63 8 38 16 4 49 42 43 11 23 56 58 39 48 46 12 25 32 50 34 20 36 22 14 60 1 59 27 28 10 31 52 26 30 15 61 64
30 20 58 63 9 16 21 10 36 6 7 32 22 40 55 15 43 44 19 11 3 18 1 2 50 61 17 62 28 27 60 8 35 49 12 57 46 59 4 31 23 14 26 24 52 29 25 34 51 54 56 47 37 48 39 13 38 5 42 41 45 64 33 53
59 32 64 33 39 3 22 18 19 28 46 36 63 38 2 56 55 50 13 45 6 16 49 61 15 47 27 44 34 40 37 17 7 42 54 58 23 30 4 35 62 1 9 53 12 43 8 52 10 21 26 51 24 20 57 14 31 60 41 11 5 29 48 25
34 53 41 5 62 29 33 35 16 28 48 56 59 42 57 4 44 24 7 55 18 37 38 61 32 23 13 6 12 60 2 45 8 11 19 31 49 22 43 52 10 17 58 54 50 25 14 26 20 1 39 63 27 36 51 40 15 47 3 46 9 21 30 64
24 46 37 27 2 9 29 49 26 58 33 30 51 21 47 57 34 43 44 55 31 6 18 5 28 13 50 38 23 62 25 56 61 7 11 54 16 60 53 17 41 10 36 19 1 64 32 35 59 48 63 22 52 14 4 39 15 40 8 3 42 20 45 12
35 15 58 51 47 61 33 50 38 43 59 26 55 8 27 30 29 57 52 60 6 1 14 20 46 63 56 9 12 25 11 13 28 48 24 41 32 17 2 44 40 53 31 5 37 22 19 42 7 23 39 49 21 4 18 10 62 64 3 36 54 16 45 34
10 29 31 62 36 57 37 46 41 58 63 55 53 30 16 38 7 35 60 4 39 42 3 45 28 44 27 61 14 2 21 1 40 22 19 48 26 50 51 43 32 56 9 20 59 5 64 54 33 12 15 25 17 52 23 6 49 11 47 18 24 34 8 13
39 4 18 15 10 25 37 43 12 21 49 61 33 63 24 26 27 2 16 5 50 57 11 32 35 7 40 64 31 34 44 36 47 6 28 17 52 53 58 23 46 45 14 60 29 41 48 30 54 22 8 19 3 38 55 13 51 42 62 20 56 59 9 1
10 47 29 28 45 48 53 25 13 9 23 5 2 17 60 50 15 21 6 64 43 59 33 27 4 19 1 58 61 37 57 3 35 26 34 40 7 42 54 14 24 20 39 22 52 56 11 63 38 8 55 32 46 44 16 51 49 41 36 31 30 12 62 18